[
    [
        [[1], [533], [463]],
        [[2], [151], [462]],
        [[3], [922], [462]],
        [[2, 3], [54, 743], [262, 664]],
        [[55], [1], []],
        [[1], [465], [462]] 
    ],

    [
        [[1], [522], [463]],
        [[2, 3], [181, 842], [463, 464]],
        [[2, 3], [51, 728], [463, 463]],
        [[55], [1], []],
        [[1], [400], [463]]

    ],
    
    [
        [[3], [855], [463]],
        [[1, 2], [554, 121], [463, 463]],
        [[3, 2], [752, 85], [463, 462]],
        [[55], [1], []],
        [[1], [411], [463]]
    ],

    [

        [[1], [519], [462]],
        [[2, 3], [172, 849], [463, 462]],
        [[2, 3], [64, 725], [463, 462]],
        [[55], [1], []],
        [[2], [126], [462]]

    ],

    [
        [[3], [854], [462]],
        [[1], [492], [462]], 
        [[2, 3], [52, 703], [462, 462]],
        [[55], [1], []],
        [[1], [390], [462]]

    ],

    [
        [[1], [497], [462]],
        [[2, 3], [61, 693], [462, 462]],
        [[55], [1], []],
        [[1], [396], [463]]

    ],

    [
        [[2], [141], [463]],
        [[1], [551], [463]], 
        [[2, 3], [169, 900], [463, 462]],
        [[2, 3], [107, 717], [462, 466]],
        [[55], [1], []],
        [[2, 1], [140, 473], [464, 463]]
    ],
    
    [
        [[1], [433], [464]],
        [[2, 3, 1], [62, 658, 501], [463, 463, 462]],
        [[55], [1], []],
        [[1], [456], [462]] 
    ],
    
    [
        [[1], [555], [463]],
        [[2, 3], [205, 898], [462, 463]],
        [[2, 3], [128, 711], [462, 463]],
        [[55], [1], []],
        [[1], [414], [462]]
    ],

    [
        [[1], [551], [462]],
        [[2, 3], [126, 686], [464, 461]],
        [[55], [1], []],
        [[1], [431], [462]]
    ],
    
    [
        [[1], [578], [462]],
        [[2], [250], [463]],
        [[3], [939], [463]],
        [[2, 3], [160, 704], [462, 457]],
        [[55], [1], []],
        [[1], [482], [464]]
    ],
    
    [

        [[1], [551], [462]],
        [[2, 3], [121, 644], [462, 462]],
        [[55], [1], []],
        [[1, 3], [368, 786], [463, 463]]
    ]
]
